{
    "G01_1": {
        "subject_7/20231022_190534/043422252387/000004": [
            [
                -0.30821356177330017,
                0.9509703516960144,
                0.025680869817733765,
                0.05526246875524521
            ],
            [
                -0.8787068724632263,
                -0.2949291169643402,
                0.37535446882247925,
                -0.18516039848327637
            ],
            [
                0.36452504992485046,
                0.0931234359741211,
                0.9265254139900208,
                1.0798031091690063
            ],
            [
                0.0,
                0.0,
                0.0,
                1.0
            ]
        ],
        "subject_7/20231022_190534/043422252387/000041": [
            [
                -0.3059545159339905,
                0.9516277313232422,
                0.028224140405654907,
                0.055183425545692444
            ],
            [
                -0.8802651762962341,
                -0.2940552830696106,
                0.37237703800201416,
                -0.1854017972946167
            ],
            [
                0.36266380548477173,
                0.08908557891845703,
                0.9276522397994995,
                1.0793765783309937
            ],
            [
                0.0,
                0.0,
                0.0,
                1.0
            ]
        ],
        "subject_7/20231022_190534/043422252387/000074": [
            [
                -0.30687233805656433,
                0.9513534307479858,
                0.027493059635162354,
                0.055159881711006165
            ],
            [
                -0.8808009028434753,
                -0.2948216497898102,
                0.3704996705055237,
                -0.1853010356426239
            ],
            [
                0.3605816960334778,
                0.08948037028312683,
                0.9284255504608154,
                1.0794000625610352
            ],
            [
                0.0,
                0.0,
                0.0,
                1.0
            ]
        ],
        "subject_7/20231022_190534/043422252387/000108": [
            [
                -0.3097201883792877,
                0.9504954218864441,
                0.025136709213256836,
                0.054921913892030716
            ],
            [
                -0.879356861114502,
                -0.29639512300491333,
                0.37266838550567627,
                -0.18542493879795074
            ],
            [
                0.3616698384284973,
                0.09331890940666199,
                0.9276241064071655,
                1.0795128345489502
            ],
            [
                0.0,
                0.0,
                0.0,
                1.0
            ]
        ],
        "subject_7/20231022_190534/043422252387/000121": [
            [
                -0.30727046728134155,
                0.9512144327163696,
                0.02785700559616089,
                0.055249664932489395
            ],
            [
                -0.879697322845459,
                -0.29508891701698303,
                0.37290120124816895,
                -0.185413658618927
            ],
            [
                0.3629292845726013,
                0.09007582068443298,
                0.9274526834487915,
                1.0795726776123047
            ],
            [
                0.0,
                0.0,
                0.0,
                1.0
            ]
        ],
        "subject_7/20231022_190534/043422252387/000173": [
            [
                -0.30644890666007996,
                0.9512954950332642,
                0.033551186323165894,
                0.05517891049385071
            ],
            [
                -0.8793112635612488,
                -0.2964068353176117,
                0.372766375541687,
                -0.1850326508283615
            ],
            [
                0.36455583572387695,
                0.08473196625709534,
                0.9273184537887573,
                1.0795400142669678
            ],
            [
                0.0,
                0.0,
                0.0,
                1.0
            ]
        ],
        "subject_7/20231022_190534/043422252387/000202": [
            [
                -0.3068072199821472,
                0.9510826468467712,
                0.03620505332946777,
                0.05532088130712509
            ],
            [
                -0.8790733814239502,
                -0.2977486848831177,
                0.3722575306892395,
                -0.185093492269516
            ],
            [
                0.3648277223110199,
                0.08238446712493896,
                0.9274230003356934,
                1.0796360969543457
            ],
            [
                0.0,
                0.0,
                0.0,
                1.0
            ]
        ],
        "subject_7/20231022_190534/043422252387/000216": [
            [
                -0.30699214339256287,
                0.9511444568634033,
                0.03286418318748474,
                0.055315665900707245
            ],
            [
                -0.8785920739173889,
                -0.2965105175971985,
                0.37437617778778076,
                -0.18491563200950623
            ],
            [
                0.3658304214477539,
                0.08605632185935974,
                0.9266942739486694,
                1.079376459121704
            ],
            [
                0.0,
                0.0,
                0.0,
                1.0
            ]
        ],
        "subject_7/20231022_190534/043422252387/000263": [
            [
                -0.3042077422142029,
                0.95211261510849,
                0.03064829111099243,
                0.05537990480661392
            ],
            [
                -0.8816272020339966,
                -0.2935817837715149,
                0.3695172965526581,
                -0.18549738824367523
            ],
            [
                0.36081990599632263,
                0.08538958430290222,
                0.9287182688713074,
                1.0793317556381226
            ],
            [
                0.0,
                0.0,
                0.0,
                1.0
            ]
        ],
        "subject_7/20231022_190534/043422252387/000290": [
            [
                -0.3059065341949463,
                0.9516705274581909,
                0.02727845311164856,
                0.05500597134232521
            ],
            [
                -0.8803286552429199,
                -0.2936529517173767,
                0.3725445866584778,
                -0.18539603054523468
            ],
            [
                0.3625502288341522,
                0.08994993567466736,
                0.927613377571106,
                1.0794647932052612
            ],
            [
                0.0,
                0.0,
                0.0,
                1.0
            ]
        ],
        "subject_7/20231022_190534/043422252387/000307": [
            [
                -0.3073427975177765,
                0.9511622190475464,
                0.028830528259277344,
                0.055118367075920105
            ],
            [
                -0.8797301650047302,
                -0.2955509126186371,
                0.3724574148654938,
                -0.18550269305706024
            ],
            [
                0.3627883493900299,
                0.08910903334617615,
                0.9276013970375061,
                1.0794305801391602
            ],
            [
                0.0,
                0.0,
                0.0,
                1.0
            ]
        ],
        "subject_7/20231022_190534/043422252387/000341": [
            [
                -0.30650410056114197,
                0.9514070749282837,
                0.029661357402801514,
                0.055338054895401
            ],
            [
                -0.8805152177810669,
                -0.29522740840911865,
                0.37085556983947754,
                -0.18556836247444153
            ],
            [
                0.3615914583206177,
                0.08755147457122803,
                0.9282166957855225,
                1.0795702934265137
            ],
            [
                0.0,
                0.0,
                0.0,
                1.0
            ]
        ],
        "subject_7/20231022_190534/043422252387/000384": [
            [
                -0.3053744435310364,
                0.9517055749893188,
                0.03166547417640686,
                0.0552811436355114
            ],
            [
                -0.8792955279350281,
                -0.294592022895813,
                0.3742392063140869,
                -0.18533235788345337
            ],
            [
                0.3654939830303192,
                0.08643984794616699,
                0.9267914295196533,
                1.0795561075210571
            ],
            [
                0.0,
                0.0,
                0.0,
                1.0
            ]
        ],
        "subject_7/20231022_190534/043422252387/000394": [
            [
                -0.30619439482688904,
                0.95157790184021,
                0.027288198471069336,
                0.05522000044584274
            ],
            [
                -0.8811558485031128,
                -0.29415008425712585,
                0.37018927931785583,
                -0.185526505112648
            ],
            [
                0.3602907955646515,
                0.08930468559265137,
                0.9285556077957153,
                1.0793616771697998
            ],
            [
                0.0,
                0.0,
                0.0,
                1.0
            ]
        ],
        "subject_7/20231022_190534/043422252387/000424": [
            [
                -0.3087705373764038,
                0.9508048295974731,
                0.025118708610534668,
                0.05508193373680115
            ],
            [
                -0.8814774751663208,
                -0.29597756266593933,
                0.3679601848125458,
                -0.18553687632083893
            ],
            [
                0.35729289054870605,
                0.09147363901138306,
                0.9295021295547485,
                1.0797343254089355
            ],
            [
                0.0,
                0.0,
                0.0,
                1.0
            ]
        ],
        "subject_7/20231022_190534/043422252387/000460": [
            [
                -0.3052440285682678,
                0.9518557786941528,
                0.028226882219314575,
                0.05543107911944389
            ],
            [
                -0.8814208507537842,
                -0.2936280369758606,
                0.369972825050354,
                -0.18540388345718384
            ],
            [
                0.360448956489563,
                0.08805227279663086,
                0.9286137223243713,
                1.079444169998169
            ],
            [
                0.0,
                0.0,
                0.0,
                1.0
            ]
        ],
        "subject_7/20231022_190534/043422252387/000503": [
            [
                -0.3074345588684082,
                0.9511545896530151,
                0.028088659048080444,
                0.0552276074886322
            ],
            [
                -0.8810374736785889,
                -0.2956756353378296,
                0.369254469871521,
                -0.18559738993644714
            ],
            [
                0.3595231771469116,
                0.0887744128704071,
                0.9289037585258484,
                1.0795403718948364
            ],
            [
                0.0,
                0.0,
                0.0,
                1.0
            ]
        ],
        "subject_7/20231022_190534/043422252387/000513": [
            [
                -0.3062967360019684,
                0.9515382051467896,
                0.027523040771484375,
                0.0553046315908432
            ],
            [
                -0.8788111805915833,
                -0.29376256465911865,
                0.3760245442390442,
                -0.18520426750183105
            ],
            [
                0.365886926651001,
                0.09098762273788452,
                0.9262009263038635,
                1.0796302556991577
            ],
            [
                0.0,
                0.0,
                0.0,
                1.0
            ]
        ],
        "subject_7/20231022_190534/043422252387/000561": [
            [
                -0.30537018179893494,
                0.9517853260040283,
                0.029221713542938232,
                0.05526057630777359
            ],
            [
                -0.8805303573608398,
                -0.293925404548645,
                0.3718528151512146,
                -0.18562468886375427
            ],
            [
                0.3625130355358124,
                0.08782216906547546,
                0.9278316497802734,
                1.0796974897384644
            ],
            [
                0.0,
                0.0,
                0.0,
                1.0
            ]
        ],
        "subject_7/20231022_190534/043422252387/000587": [
            [
                -0.30745694041252136,
                0.9511937499046326,
                0.02646613121032715,
                0.05532566085457802
            ],
            [
                -0.8801416158676147,
                -0.29484230279922485,
                0.37204670906066895,
                -0.18549862504005432
            ],
            [
                0.361691951751709,
                0.09109440445899963,
                0.927836537361145,
                1.079643964767456
            ],
            [
                0.0,
                0.0,
                0.0,
                1.0
            ]
        ],
        "subject_7/20231022_190534/043422252387/000614": [
            [
                -0.3064691722393036,
                0.9514751434326172,
                0.027777493000030518,
                0.0553055964410305
            ],
            [
                -0.8811231851577759,
                -0.29460787773132324,
                0.3699031472206116,
                -0.18581357598304749
            ],
            [
                0.36013704538345337,
                0.08888861536979675,
                0.9286549687385559,
                1.0797730684280396
            ],
            [
                0.0,
                0.0,
                0.0,
                1.0
            ]
        ],
        "subject_7/20231022_190534/043422252387/000656": [
            [
                -0.3039337992668152,
                0.9522969722747803,
                0.02747008204460144,
                0.05528978258371353
            ],
            [
                -0.8830417394638062,
                -0.29241853952407837,
                0.3670537769794464,
                -0.18599748611450195
            ],
            [
                0.35757696628570557,
                0.0873028039932251,
                0.9297940135002136,
                1.079915165901184
            ],
            [
                0.0,
                0.0,
                0.0,
                1.0
            ]
        ],
        "subject_7/20231022_190534/043422252387/000664": [
            [
                -0.30570122599601746,
                0.9517698287963867,
                0.026096194982528687,
                0.0551811084151268
            ],
            [
                -0.8832802772521973,
                -0.29372259974479675,
                0.3654352128505707,
                -0.18619036674499512
            ],
            [
                0.35547536611557007,
                0.08866369724273682,
                0.9304710030555725,
                1.0798382759094238
            ],
            [
                0.0,
                0.0,
                0.0,
                1.0
            ]
        ],
        "subject_7/20231022_190534/043422252387/000700": [
            [
                -0.30552244186401367,
                0.9516263008117676,
                0.03260922431945801,
                0.055728983134031296
            ],
            [
                -0.8778960108757019,
                -0.29478228092193604,
                0.37736207246780396,
                -0.18452008068561554
            ],
            [
                0.368720144033432,
                0.08666503429412842,
                0.925491452217102,
                1.0788171291351318
            ],
            [
                0.0,
                0.0,
                0.0,
                1.0
            ]
        ],
        "subject_7/20231022_190534/043422252387/000749": [
            [
                -0.30347955226898193,
                0.9520004987716675,
                0.039940834045410156,
                0.05559461563825607
            ],
            [
                -0.8764868378639221,
                -0.2953573763370514,
                0.3801775872707367,
                -0.1850966066122055
            ],
            [
                0.3737260401248932,
                0.08036845922470093,
                0.9240506887435913,
                1.0794647932052612
            ],
            [
                0.0,
                0.0,
                0.0,
                1.0
            ]
        ],
        "subject_7/20231022_190534/043422252387/000755": [
            [
                -0.3067895472049713,
                0.9514660835266113,
                0.024341285228729248,
                0.05478942021727562
            ],
            [
                -0.8814307451248169,
                -0.2936709225177765,
                0.3699150085449219,
                -0.1853855550289154
            ],
            [
                0.3591098487377167,
                0.09203094244003296,
                0.9287467002868652,
                1.0792319774627686
            ],
            [
                0.0,
                0.0,
                0.0,
                1.0
            ]
        ],
        "subject_7/20231022_190534/043422252387/000795": [
            [
                -0.3088349997997284,
                0.9506947994232178,
                0.028291285037994385,
                0.0556858591735363
            ],
            [
                -0.8822643756866455,
                -0.29746323823928833,
                0.36486342549324036,
                -0.18554267287254333
            ],
            [
                0.3552893102169037,
                0.08772218227386475,
                0.9306311011314392,
                1.078826665878296
            ],
            [
                0.0,
                0.0,
                0.0,
                1.0
            ]
        ],
        "subject_7/20231022_190534/043422252387/000833": [
            [
                -0.30267533659935,
                0.9521291851997375,
                0.04286623001098633,
                0.055726125836372375
            ],
            [
                -0.8761775493621826,
                -0.2956681251525879,
                0.3806483745574951,
                -0.18498928844928741
            ],
            [
                0.3751007318496704,
                0.07765454053878784,
                0.9237257242202759,
                1.079264760017395
            ],
            [
                0.0,
                0.0,
                0.0,
                1.0
            ]
        ],
        "subject_7/20231022_190534/043422252387/000856": [
            [
                -0.3064963221549988,
                0.9514161348342896,
                0.029456675052642822,
                0.05520367622375488
            ],
            [
                -0.8772218227386475,
                -0.29433736205101013,
                0.37927180528640747,
                -0.18537330627441406
            ],
            [
                0.3695155382156372,
                0.09040555357933044,
                0.9248162508010864,
                1.0798089504241943
            ],
            [
                0.0,
                0.0,
                0.0,
                1.0
            ]
        ],
        "subject_7/20231022_190534/043422252387/000897": [
            [
                -0.3077211081981659,
                0.9508083462715149,
                0.03565540909767151,
                0.05553838238120079
            ],
            [
                -0.8787479996681213,
                -0.29836928844451904,
                0.37252873182296753,
                -0.18553075194358826
            ],
            [
                0.3648419678211212,
                0.08330285549163818,
                0.9273353815078735,
                1.078798532485962
            ],
            [
                0.0,
                0.0,
                0.0,
                1.0
            ]
        ],
        "subject_7/20231022_190534/043422252387/000906": [
            [
                -0.30561232566833496,
                0.9516221284866333,
                0.031884610652923584,
                0.05599232763051987
            ],
            [
                -0.8802214860916138,
                -0.29513365030288696,
                0.37162649631500244,
                -0.1856657713651657
            ],
            [
                0.3630582094192505,
                0.08550810813903809,
                0.9278346300125122,
                1.0789614915847778
            ],
            [
                0.0,
                0.0,
                0.0,
                1.0
            ]
        ],
        "subject_7/20231022_190534/043422252387/000947": [
            [
                -0.30695655941963196,
                0.9513463973999023,
                0.026790738105773926,
                0.05514419078826904
            ],
            [
                -0.8811081051826477,
                -0.29470956325531006,
                0.3698577284812927,
                -0.18574751913547516
            ],
            [
                0.35975831747055054,
                0.08992469310760498,
                0.9287019968032837,
                1.0794464349746704
            ],
            [
                0.0,
                0.0,
                0.0,
                1.0
            ]
        ],
        "subject_7/20231022_190534/043422252387/000962": [
            [
                -0.30124807357788086,
                0.9527257084846497,
                0.039540380239486694,
                0.05569262057542801
            ],
            [
                -0.8757716417312622,
                -0.29284214973449707,
                0.38375455141067505,
                -0.18511177599430084
            ],
            [
                0.377191960811615,
                0.08097702264785767,
                0.9225882887840271,
                1.0795365571975708
            ],
            [
                0.0,
                0.0,
                0.0,
                1.0
            ]
        ],
        "subject_7/20231022_190534/046122250168/000013": [
            [
                0.7630894780158997,
                -0.6278103590011597,
                0.1534554660320282,
                0.24091565608978271
            ],
            [
                0.2683331370353699,
                0.5237724781036377,
                0.8084921836853027,
                0.12758000195026398
            ],
            [
                -0.5879555940628052,
                -0.5757747888565063,
                0.5681476593017578,
                0.9157587289810181
            ],
            [
                0.0,
                0.0,
                0.0,
                1.0
            ]
        ],
        "subject_7/20231022_190534/046122250168/000035": [
            [
                0.7649829983711243,
                -0.626061201095581,
                0.15115660429000854,
                0.24080374836921692
            ],
            [
                0.2686328887939453,
                0.5234682559967041,
                0.8085896968841553,
                0.12762680649757385
            ],
            [
                -0.5853523015975952,
                -0.5779519081115723,
                0.5686248540878296,
                0.9157935976982117
            ],
            [
                0.0,
                0.0,
                0.0,
                1.0
            ]
        ],
        "subject_7/20231022_190534/046122250168/000078": [
            [
                0.7616094946861267,
                -0.6300442814826965,
                0.15164123475551605,
                0.2407778650522232
            ],
            [
                0.27020689845085144,
                0.5214352607727051,
                0.8093785047531128,
                0.12761864066123962
            ],
            [
                -0.5890153050422668,
                -0.5754558444023132,
                0.5673723220825195,
                0.9156662821769714
            ],
            [
                0.0,
                0.0,
                0.0,
                1.0
            ]
        ],
        "subject_7/20231022_190534/046122250168/000107": [
            [
                0.7646360397338867,
                -0.6260868906974792,
                0.1527968794107437,
                0.24078062176704407
            ],
            [
                0.2678799033164978,
                0.5244089365005493,
                0.808229923248291,
                0.1274866908788681
            ],
            [
                -0.5861502885818481,
                -0.577070415019989,
                0.5686981081962585,
                0.916032612323761
            ],
            [
                0.0,
                0.0,
                0.0,
                1.0
            ]
        ],
        "subject_7/20231022_190534/046122250168/000121": [
            [
                0.7629348635673523,
                -0.6280467510223389,
                0.15325696766376495,
                0.2408081293106079
            ],
            [
                0.26862862706184387,
                0.5236137509346008,
                0.80849689245224,
                0.12744198739528656
            ],
            [
                -0.5880213379859924,
                -0.575661301612854,
                0.5681945085525513,
                0.9160952568054199
            ],
            [
                0.0,
                0.0,
                0.0,
                1.0
            ]
        ],
        "subject_7/20231022_190534/046122250168/000167": [
            [
                0.7646864056587219,
                -0.6268867254257202,
                0.14922335743904114,
                0.24087181687355042
            ],
            [
                0.2736046016216278,
                0.5255096554756165,
                0.8055930733680725,
                0.12751390039920807
            ],
            [
                -0.5834339261054993,
                -0.5751978754997253,
                0.5733692646026611,
                0.9158751964569092
            ],
            [
                0.0,
                0.0,
                0.0,
                1.0
            ]
        ],
        "subject_7/20231022_190534/046122250168/000193": [
            [
                0.7653120160102844,
                -0.6249989867210388,
                0.15386256575584412,
                0.24076174199581146
            ],
            [
                0.2662617564201355,
                0.5250390768051147,
                0.808355450630188,
                0.1277865469455719
            ],
            [
                -0.5860052704811096,
                -0.5776763558387756,
                0.5682319402694702,
                0.9156845808029175
            ],
            [
                0.0,
                0.0,
                0.0,
                1.0
            ]
        ],
        "subject_7/20231022_190534/046122250168/000239": [
            [
                0.7654001712799072,
                -0.6263915300369263,
                0.14763520658016205,
                0.2406187802553177
            ],
            [
                0.27243703603744507,
                0.5232128500938416,
                0.8074815273284912,
                0.12752306461334229
            ],
            [
                -0.5830442309379578,
                -0.5778253078460693,
                0.5711195468902588,
                0.915553629398346
            ],
            [
                0.0,
                0.0,
                0.0,
                1.0
            ]
        ],
        "subject_7/20231022_190534/046122250168/000251": [
            [
                0.7652601003646851,
                -0.6258714199066162,
                0.15053817629814148,
                0.2408616840839386
            ],
            [
                0.269613653421402,
                0.5239868760108948,
                0.8079270124435425,
                0.12754423916339874
            ],
            [
                -0.5845385193824768,
                -0.5776873826980591,
                0.5697298049926758,
                0.9157313704490662
            ],
            [
                0.0,
                0.0,
                0.0,
                1.0
            ]
        ],
        "subject_7/20231022_190534/046122250168/000270": [
            [
                0.7627824544906616,
                -0.6290047764778137,
                0.15005289018154144,
                0.240981787443161
            ],
            [
                0.2718549966812134,
                0.5224652886390686,
                0.8081614971160889,
                0.12749743461608887
            ],
            [
                -0.5867348909378052,
                -0.5756586790084839,
                0.569525420665741,
                0.9157686829566956
            ],
            [
                0.0,
                0.0,
                0.0,
                1.0
            ]
        ],
        "subject_7/20231022_190534/046122250168/000305": [
            [
                0.7648658156394958,
                -0.6251357793807983,
                0.15551677346229553,
                0.24077875912189484
            ],
            [
                0.26349401473999023,
                0.5238966941833496,
                0.8100021481513977,
                0.12767626345157623
            ],
            [
                -0.5878360271453857,
                -0.5785651206970215,
                0.5654302835464478,
                0.9159203171730042
            ],
            [
                0.0,
                0.0,
                0.0,
                1.0
            ]
        ],
        "subject_7/20231022_190534/046122250168/000349": [
            [
                0.7644380927085876,
                -0.6263960599899292,
                0.15251918137073517,
                0.24056082963943481
            ],
            [
                0.26714766025543213,
                0.5230821371078491,
                0.8093313574790955,
                0.1275615394115448
            ],
            [
                -0.5867420434951782,
                -0.5779385566711426,
                0.5672041773796082,
                0.9156568050384521
            ],
            [
                0.0,
                0.0,
                0.0,
                1.0
            ]
        ],
        "subject_7/20231022_190534/046122250168/000377": [
            [
                0.7626393437385559,
                -0.62871253490448,
                0.15199150145053864,
                0.24067838490009308
            ],
            [
                0.27117207646369934,
                0.5241081118583679,
                0.8073267936706543,
                0.1275215446949005
            ],
            [
                -0.5872364640235901,
                -0.5744834542274475,
                0.5701947212219238,
                0.9156131148338318
            ],
            [
                0.0,
                0.0,
                0.0,
                1.0
            ]
        ],
        "subject_7/20231022_190534/046122250168/000395": [
            [
                0.7632384896278381,
                -0.6280282735824585,
                0.15181323885917664,
                0.24062201380729675
            ],
            [
                0.2704200744628906,
                0.5238901376724243,
                0.8077204823493958,
                0.1274787336587906
            ],
            [
                -0.5868047475814819,
                -0.5754299759864807,
                0.569684624671936,
                0.9155224561691284
            ],
            [
                0.0,
                0.0,
                0.0,
                1.0
            ]
        ],
        "subject_7/20231022_190534/046122250168/000445": [
            [
                0.7605742812156677,
                -0.630460798740387,
                0.1550683081150055,
                0.24099504947662354
            ],
            [
                0.26981353759765625,
                0.5241698622703552,
                0.8077417612075806,
                0.12749411165714264
            ],
            [
                -0.590531587600708,
                -0.5725080370903015,
                0.5687769651412964,
                0.915814995765686
            ],
            [
                0.0,
                0.0,
                0.0,
                1.0
            ]
        ],
        "subject_7/20231022_190534/046122250168/000477": [
            [
                0.7636005282402039,
                -0.6270468235015869,
                0.15403436124324799,
                0.24083495140075684
            ],
            [
                0.2666550576686859,
                0.5235098600387573,
                0.8092172145843506,
                0.12759961187839508
            ],
            [
                -0.5880554914474487,
                -0.5768446326255798,
                0.5669575929641724,
                0.9157843589782715
            ],
            [
                0.0,
                0.0,
                0.0,
                1.0
            ]
        ],
        "subject_7/20231022_190534/046122250168/000497": [
            [
                0.7636491060256958,
                -0.6270763278007507,
                0.15367329120635986,
                0.2407592386007309
            ],
            [
                0.26922667026519775,
                0.5256259441375732,
                0.806990921497345,
                0.1274546980857849
            ],
            [
                -0.5868195295333862,
                -0.5748849511146545,
                0.5702192783355713,
                0.9156999588012695
            ],
            [
                0.0,
                0.0,
                0.0,
                1.0
            ]
        ],
        "subject_7/20231022_190534/046122250168/000524": [
            [
                0.7629545331001282,
                -0.6271833181381226,
                0.15665653347969055,
                0.2409454584121704
            ],
            [
                0.2664310932159424,
                0.5258679389953613,
                0.8077607154846191,
                0.1273907721042633
            ],
            [
                -0.5889948010444641,
                -0.5745465159416199,
                0.5683144927024841,
                0.9159954786300659
            ],
            [
                0.0,
                0.0,
                0.0,
                1.0
            ]
        ],
        "subject_7/20231022_190534/046122250168/000569": [
            [
                0.7625243067741394,
                -0.627678394317627,
                0.15676885843276978,
                0.24079476296901703
            ],
            [
                0.2646826207637787,
                0.5237740278244019,
                0.8096936941146851,
                0.12748593091964722
            ],
            [
                -0.5903387069702148,
                -0.57591712474823,
                0.565526008605957,
                0.9157912135124207
            ],
            [
                0.0,
                0.0,
                0.0,
                1.0
            ]
        ],
        "subject_7/20231022_190534/046122250168/000586": [
            [
                0.764087975025177,
                -0.6262543797492981,
                0.15483874082565308,
                0.24087360501289368
            ],
            [
                0.2659158408641815,
                0.5244300365447998,
                0.8088645935058594,
                0.1275574117898941
            ],
            [
                -0.5877571105957031,
                -0.5768696069717407,
                0.5672415494918823,
                0.9159466028213501
            ],
            [
                0.0,
                0.0,
                0.0,
                1.0
            ]
        ],
        "subject_7/20231022_190534/046122250168/000609": [
            [
                0.7644050121307373,
                -0.6262555122375488,
                0.15326164662837982,
                0.24069759249687195
            ],
            [
                0.2666582465171814,
                0.5235177278518677,
                0.8092110753059387,
                0.12756967544555664
            ],
            [
                -0.587007999420166,
                -0.5776964426040649,
                0.5671757459640503,
                0.9159186482429504
            ],
            [
                0.0,
                0.0,
                0.0,
                1.0
            ]
        ],
        "subject_7/20231022_190534/046122250168/000649": [
            [
                0.7651427984237671,
                -0.6253795623779297,
                0.15315699577331543,
                0.24079255759716034
            ],
            [
                0.2700069844722748,
                0.5276033282279968,
                0.8054383993148804,
                0.12730872631072998
            ],
            [
                -0.5845108032226562,
                -0.5749219059944153,
                0.5725486278533936,
                0.916126549243927
            ],
            [
                0.0,
                0.0,
                0.0,
                1.0
            ]
        ],
        "subject_7/20231022_190534/046122250168/000682": [
            [
                0.762902021408081,
                -0.6278513669967651,
                0.154217928647995,
                0.24079371988773346
            ],
            [
                0.26824596524238586,
                0.5244356393814087,
                0.8080911636352539,
                0.1275966465473175
            ],
            [
                -0.5882384777069092,
                -0.5751259922981262,
                0.5685116052627563,
                0.9160529971122742
            ],
            [
                0.0,
                0.0,
                0.0,
                1.0
            ]
        ],
        "subject_7/20231022_190534/046122250168/000691": [
            [
                0.7651628851890564,
                -0.6255519390106201,
                0.1523500233888626,
                0.2407669574022293
            ],
            [
                0.2688120901584625,
                0.5254120230674744,
                0.8072683811187744,
                0.1274857521057129
            ],
            [
                -0.5850349068641663,
                -0.5767382383346558,
                0.5701817274093628,
